<userdefined>
<longitude> -139.75
<latitude>  35.684
<gmt> 9
<interval>  1
<firsttime> 5089
<var> IBEAM_H <col> 0 <interp> 0 <add> 0 <mult> 1 <samp> 0
<var> IBEAM_N <col> 0 <interp> 0 <add> 0 <mult> 1 <samp> 0
<var> IDIFF_H <col> 0 <interp> 0 <add> 0 <mult> 1 <samp> 0
<var> IGLOB_H <col> 3 <interp> 0 <add> 0 <mult> 277.777778 <samp> -1
<var> TAMB    <col> 1 <interp> 2 <add> 0 <mult> 1 <samp>  0
<var> RHUM    <col> 4 <interp> 1 <add> 0 <mult> 1 <samp>  0
<var> WSPEED  <col> 2 <interp> 1 <add> 0 <mult> 1 <samp>  0
<var> WDIR    <col> 0 <interp> 1 <add> 0 <mult> 1 <samp> 0
<data>
26.2	2.4	0	89
26.2	1.9	0	87
25.3	0.5	0	92
24.9	0.6	0	95
24.9	1.4	0	95
26.3	1	0.21	92
28.8	1	0.78	81
30.1	1.9	1.53	74
31.5	1.1	2.17	64
34.3	1.5	2.7	62
34.2	2.9	3.04	62
34	3.7	3.24	62
34.2	3.8	3.08	59
34.5	4.1	2.81	59
34.4	5.3	2.43	51
34.4	3.8	1.85	52
33.3	2.4	1.22	57
32.5	4.4	0.52	60
31.3	2.4	0.06	68
30.4	2.7	0	70
29.2	1.8	0	80
28.4	2.5	0	85
28.4	2.3	0	84
28.5	1.4	0	82
27.7	0.9	0	87
27.5	2.2	0	91
27.1	1.6	0	94
26.9	1.4	0	96
28.4	1.8	0.01	85
28.5	1.8	0.21	85
29.2	2.7	0.64	80
31.4	2.8	1.5	61
32.7	1.8	2.17	54
34	2.4	2.74	49
35	3.2	3.12	46
36.2	2.5	3.32	44
36.5	1.2	3.45	41
35.6	4.3	2.25	61
34.1	3.2	1.25	63
33	2.9	0.56	62
33.3	4	0.43	62
32.5	5.2	0.21	65
31.2	4.1	0.04	71
30.4	3.7	0	74
30.3	3	0	76
30.1	2.3	0	74
28.8	1.3	0	83
27.9	2.6	0	84
27.7	1.9	0	88
27.6	1.2	0	91
27.6	1.7	0	90
27.9	1.5	0	88
27.9	1.7	0	87
28.6	2	0.18	80
29.2	2.1	0.71	77
30.7	1.4	1.3	73
31.4	1.5	1.86	63
33.4	1.4	2.59	62
34.2	1.4	2.39	60
33.3	1	1.48	65
34.9	3.1	2.39	55
34.8	2.4	1.63	58
33.8	1.9	0.97	62
33.7	4.6	0.77	67
31.7	5.3	0.59	76
30.4	5.4	0.09	76
29.3	4	0.03	74
29.1	4.1	0	74
29	3.5	0	75
28.5	2.4	0	79
28.4	2.7	0	76
27.8	1.9	0	76
27.7	2.1	0	78
26.7	1.4	0	80
26.8	0.9	0	79
27	1.6	0	79
26.2	1.6	0	84
27.4	2	0.17	80
28.1	2.4	0.73	73
29.6	0.8	1.4	66
30.8	1.7	2.02	61
31.7	3.7	2.73	55
32	3.4	2.49	58
32.5	3.2	3.3	58
33.6	3.3	3.08	60
33.4	3.6	2.89	60
33.2	3.9	2.41	61
32.5	4.1	1.8	65
31.8	4.8	1.03	68
31.1	3.7	0.25	73
30.3	3.9	0.04	76
29.5	4.6	0	78
29.1	3.3	0	81
28.7	3.1	0	83
28.4	2.8	0	84
27.9	2.2	0	86
27.6	2.1	0	88
27.8	2.1	0	85
27.5	3.1	0	87
27.6	3.3	0	87
27.4	2.3	0	89
28.1	2.5	0.08	85
28.5	2.8	0.5	84
30.2	3	1.26	76
31.8	2.9	2.13	70
31.6	2	2.18	69
33.1	2.7	2.72	67
34.2	4.6	3.13	65
34	4.9	3.19	65
33.7	4.3	2.92	66
33.6	4.1	2.39	68
33.1	3.8	1.88	68
32.4	3.1	1.2	69
31.4	3.9	0.46	71
30.1	2.8	0.05	78
29.7	3.9	0	81
29.3	2.7	0	83
29.2	2.7	0	83
28.8	2.6	0	85
28.4	1.8	0	88
27.9	0.7	0	88
27.2	1.2	0	92
27.5	1.4	0	89
27.5	1.5	0	91
27.2	1.1	0	94
28.5	2.5	0.12	88
28.6	1.9	0.4	87
29.9	1.6	0.62	83
29.9	3.7	1.48	78
30.6	2.3	1.76	78
30.9	3	2.25	73
31.9	1.5	2.95	69
33.7	3.3	2.56	66
33.3	3.6	2.22	66
32.4	3.7	1.97	67
31.2	3.6	1.66	71
29.4	4	0.84	76
27.9	3.4	0.05	79
26.4	3.8	0.01	83
25.7	3.8	0	83
25.3	4.9	0	83
25.3	4.4	0	82
25.3	4.1	0	81
25	5.2	0	82
24.3	2.9	0	90
22.9	2	0	95
22.4	3.2	0	95
22.2	3.2	0	96
21.8	2.9	0	98
21.5	1.6	0.01	99
21.5	2.7	0.06	99
21.2	2.1	0.13	100
20.9	3.2	0.25	99
21	3.2	0.2	100
21.4	3.3	0.43	99
21.4	3.5	0.49	98
21.8	3.3	0.38	96
22.4	2.9	0.58	90
23.1	4	0.47	89
23	3.5	0.26	90
23.4	2.9	0.17	87
24.2	3.3	0.11	81
24.2	2.8	0.01	79
22	3.5	0	95
21.9	4	0	93
21.7	3.3	0	90
21.6	4.5	0	91
21.7	3.4	0	90
22.1	3.6	0	88
22.2	3.5	0	85
22.5	4.9	0	82
22.7	3.6	0	82
22.6	4	0	82
22.7	4.5	0.09	82
22.8	5.7	0.2	86
21.9	3.8	0.33	99
22.2	3.9	0.38	99
22.8	3.2	0.54	98
23.5	3.5	0.61	99
24.1	3.4	0.63	100
24.4	2.8	0.64	100
24.7	4.1	0.74	99
24.8	3.9	0.57	100
24.8	3.4	0.45	100
25.1	3.6	0.17	100
24.9	3.8	0.05	100
24.5	3.4	0.01	100
24.5	3.7	0	100
24.5	4	0	100
24.3	4.5	0	100
24.4	4	0	100
24.4	3.9	0	100
24.3	4.3	0	100
24.1	4.9	0	98
23.9	5.4	0	100
23.9	6.3	0	100
24	7	0	98
24.4	6.8	0.01	93
25.6	6.7	0.09	85
26.5	5.5	0.21	81
26.5	2.8	0.33	85
27.9	3.7	0.4	79
27.7	4.3	0.5	82
28.4	4.8	0.64	84
29.8	4	1	82
31.5	4.3	1.84	74
31.4	4.8	1.58	72
31.1	4.5	1.11	72
30.2	6	0.83	73
29.5	6.4	0.37	75
28.5	6.8	0.07	83
27.9	4.4	0	87
27.9	3.3	0	87
27.9	4.2	0	87
27.7	3.7	0	87
27.6	3.3	0	86
27.4	3.9	0	84
27.1	3.3	0	85
27.6	2.9	0	82
27.8	3.2	0	82
27.2	2.7	0	86
27.5	2.6	0.16	85
29.3	3	0.79	81
31	2.8	1.48	75
31.8	2.3	2.12	69
33.3	3.2	2.7	66
32.6	3.8	2.11	68
34.2	4.9	3.11	65
33	3.9	3.21	67
32.8	4.9	2.68	69
31.8	4.5	1.74	72
30.7	5.7	1.75	74
29.6	5.2	0.97	78
29	3.6	0.33	82
29.3	2.5	0.05	75
28.9	4.4	0	73
28.4	4.5	0	76
28.4	5.1	0	76
28.3	4.3	0	77
28.4	3.1	0	77
28.1	2.3	0	84
27.4	2.9	0	86
27.2	2.4	0	84
26.9	1.4	0	88
27	1	0	85
26.5	0.9	0.15	91
28.2	0.8	0.7	85
28.8	1.1	0.6	78
29.8	2.8	1.1	77
31	1.9	2.66	69
32.8	2.1	2.77	68
32.7	4.4	3.08	65
32.6	5	3.02	68
31.4	5	1.61	75
30.9	3.9	0.92	77
28.3	2.5	0.26	96
28.4	1	0.21	96
28.2	1.8	0.15	96
27.5	2.4	0.04	94
26.9	1.3	0	98
26.7	0.7	0	99
27.1	0.8	0	97
27.2	2.4	0	93
27.2	1.6	0	94
27.1	3.7	0	92
26.7	3	0	89
26.7	2.7	0	88
26.7	2.2	0	86
26.7	2.2	0	86
26.3	0.8	0.03	86
25.9	2.3	0.2	88
25.6	2	0.22	88
26.4	3.1	0.9	85
27.4	1.8	1.42	81
28.8	2.2	1.2	80
29.2	1.9	1.22	76
29.8	1.3	1.79	80
29.1	1.3	0.59	81
29.1	2.5	0.92	82
29.3	2.1	0.6	83
28.7	2.7	0.3	81
28.4	2.6	0.15	82
28	3	0	84
28	1.2	0	86
27.7	1.8	0	89
27.7	1.9	0	90
27.3	0.9	0	92
27.1	1.5	0	92
26.5	1.5	0	95
26.2	1.2	0	97
27.2	1.3	0	92
27	1.8	0	93
26.4	1	0	95
26.4	1.9	0.07	96
28.1	1.3	0.74	88
28.4	1.1	0.63	90
28.7	1.1	0.36	84
30.5	1.2	0.87	78
31.7	1.7	1.88	78
32.5	3.5	3.01	68
33.3	4.4	3.13	66
33.4	4.9	2.97	67
27.2	4.1	0.5	98
26.3	1.8	0.06	98
25.7	2.8	0.06	100
24.8	2.3	0.06	100
25.2	2.1	0	100
25.3	1.9	0	100
25	2.8	0	100
24.9	2.6	0	100
24.9	2.1	0	100
24.9	2	0	100
25	1.8	0	100
24.9	2.4	0	100
24.7	1.4	0	100
24.5	1.4	0	100
24	2.2	0	100
24.8	1.4	0.13	100
25.7	2.2	0.82	95
27.6	1.9	1.45	81
30.1	3.6	2.09	79
30.5	4	2.22	75
33.1	4	2.76	68
33.4	4.5	3.26	62
33.3	3.9	2.77	67
32.1	5.6	2.18	67
32.4	7.2	2.56	65
31.8	6.6	1.88	66
30.9	5.7	0.97	67
29.8	5.1	0.56	70
29.4	4.6	0.02	70
29	6.5	0	73
28.8	6.5	0	74
28.7	4.1	0	74
28.6	5	0	74
28.4	4.8	0	75
27.9	6.3	0	80
27.8	4.8	0	80
27.5	3.8	0	81
27.6	4.4	0	80
27.4	4.9	0	81
27.8	3.6	0.21	81
29.2	6	0.89	74
30.9	4	1.58	70
31.5	6	1.81	64
31.8	7.2	2.36	62
31.9	5.7	2.61	64
32.7	5.7	2.88	61
32.4	6.7	2.97	61
32.5	7.7	2.84	63
32	6.9	2.22	61
31.3	6.4	1.85	69
30.1	6.5	1.13	72
29.4	6.2	0.34	71
29	5.4	0.02	76
29	6.2	0	74
28.6	6.1	0	77
28.5	5.7	0	78
28.3	6.3	0	79
27.9	6.3	0	79
27.7	6.4	0	79
27.6	6.3	0	81
27.6	5.3	0	80
27.7	5.8	0	81
27.4	4.9	0	84
27.7	6.6	0.2	83
28.7	5.3	0.81	78
30	6.9	1.6	72
31.1	6.3	2.15	67
31.7	6.3	2.47	62
31.6	8	2.38	65
31	10.1	1.99	63
30.3	7.9	1.68	66
30.8	8.1	1.91	64
30.6	8	1.51	66
30	7.4	0.61	67
30	7.3	0.4	67
29.7	4.5	0.36	68
28.9	5	0.01	70
28.8	2.9	0	73
28.7	2.9	0	73
27.4	3.1	0	73
27.2	1.9	0	70
26.8	3.9	0	71
27.2	4.1	0	67
26.8	4.1	0	64
26.8	4.5	0	53
26.1	4.4	0	56
25.3	4.7	0	56
24.7	5.3	0.05	57
25.1	5.2	0.64	53
25.8	8.7	0.97	48
26.9	7.1	1.8	43
27.7	7.9	2.75	42
28.4	7.2	3.29	38
28.7	6.8	3.38	30
29.1	8.6	3.38	33
29.4	8	3.11	32
29	5.8	2.62	34
28.6	6.1	2	33
27.5	3.7	1.26	35
26.9	4.5	0.52	34
25.5	5.5	0.04	36
25	3.4	0	36
24	4.4	0	42
23.1	3.1	0	46
22.9	2.5	0	46
21.5	1.6	0	53
20.7	1.4	0	55
21.1	1.7	0	52
20.8	2.9	0	53
18.7	1.2	0	64
18.7	1.4	0	65
19.7	2.4	0.17	64
20.8	1.8	0.77	62
22.3	1.6	1.34	55
23.7	2.4	2.23	47
25.5	2.1	2.73	49
26.2	3.1	3.21	43
25.5	3.7	3.22	47
25.9	3.2	2.96	43
25.9	4.7	2.67	48
25.2	4.7	2.15	54
25.3	4.2	1.93	53
24	3.9	1.17	56
23.5	4.5	0.38	56
23.3	5	0.02	52
22.7	3.6	0	60
22.3	4.4	0	66
22.1	3.2	0	72
20.5	1.8	0	77
20	0.8	0	82
19.8	0.4	0	86
19.7	1.7	0	89
19.7	1.8	0	86
19.9	2.6	0	82
20.2	1.8	0	80
20	1.8	0.16	80
21.9	1.2	0.82	74
23.6	1.3	1.57	68
24.1	3.4	1.72	61
25.6	3	2.05	49
27.1	3.4	3.14	47
26.5	2.4	2.89	45
27	2.8	2.42	49
27.5	3.3	2.69	47
27.4	3.8	1.88	49
26.4	3.4	1.22	53
26.2	3.4	0.82	48
25.1	2.9	0.29	55
24.5	3.9	0.02	64
23.8	3.8	0	68
22.9	1.6	0	71
22.1	3	0	76
22.4	2.6	0	77
21.9	1.8	0	80
21.1	0.8	0	83
23.7	1.7	0	70
23.3	2.2	0	71
23	1.6	0	73
23.3	2.7	0	70
23	1.1	0.05	73
23.3	1.4	0.24	70
23.5	2.8	0.6	68
23.9	2.6	1.18	67
25	2.4	1.81	63
26.2	1.4	1.58	61
26.5	2	1.53	62
27.1	2.1	1.54	64
26	1.7	0.96	72
25.9	1.5	0.63	74
26.2	1.1	0.53	75
26.1	2.1	0.28	76
25.7	1.5	0.08	80
25.1	0.8	0.01	84
25.7	0.9	0	79
25.1	1.2	0	84
24.9	1.9	0	84
24.9	1.4	0	85
24.5	0.6	0	88
23.8	0.9	0	92
24.1	1.7	0	91
24.2	1.6	0	93
24.2	0.7	0	94
24.4	0.8	0	94
25.1	1.5	0.05	92
25.9	0.9	0.25	90
27.1	1.1	0.79	85
29.1	3	2.07	81
31.2	4.8	2.24	74
31.5	3.7	2.17	63
32.4	3.9	2.64	61
32.8	5.4	3.07	58
32.3	6.2	2.69	64
31.7	6.1	2.36	66
30.9	5.5	1.75	68
29.9	5.3	1.1	73
29	4.1	0.35	78
28.5	3.2	0.02	80
27.9	4.7	0	84
27.7	4.4	0	86
27.7	6.7	0	87
27.7	6.4	0	87
27.5	6.5	0	88
27.5	5.6	0	88
27.5	4.4	0	88
27.4	2.9	0	88
27	3.7	0	89
27.1	3.6	0	89
27.2	4.1	0.11	88
28.5	4	0.71	82
30.1	4.5	1.48	76
31.1	5.4	1.99	67
32.3	4.6	2.65	62
33.5	4.4	3.03	65
33.3	5.4	3.17	66
33.3	5.6	3.14	64
32.9	6.4	2.88	64
33.2	6.4	2.4	64
32.5	5	1.81	63
31.3	5.8	1.11	60
29.9	5.7	0.38	65
28.8	6.9	0.01	77
28.3	5	0	79
28	3.7	0	81
27.9	4.4	0	78
27.9	3.6	0	81
27.4	3.7	0	84
27.4	2.3	0	86
27	2.7	0	88
27.1	3.4	0	88
26.8	2.9	0	89
26.3	2	0	93
26.4	1.8	0.11	94
28.1	1.1	0.44	85
30.2	4	1.31	73
30.6	4.5	2.06	73
32	4	2.53	66
32.8	4.9	2.98	65
31.7	3.8	2.72	66
31.9	5	1.38	68
31.4	6.1	1.77	70
30.7	7.4	1.21	72
30.8	7	0.68	72
30.6	5.8	0.79	72
29.9	7.3	0.13	74
29.5	5.9	0	76
29	5	0	81
29	5.5	0	79
28.9	7.7	0	80
28.7	6.5	0	81
28.9	6.7	0	78
28.8	7.6	0	80
28.6	7.8	0	83
28.3	8.5	0	85
27.1	8.1	0	93
26.5	9.7	0	96
26.6	7.1	0.01	96
26.4	5.3	0.03	98
26.6	6.1	0.23	95
26.8	6.9	0.45	94
27.7	8	0.65	88
27.1	8.2	0.64	92
28.4	6.4	0.82	84
30	9	1.7	75
31.1	8	2.41	76
30.5	7.4	2.26	78
29.4	8.9	1.3	78
29.2	6.6	0.71	79
29	7.7	0.34	77
28.5	4.4	0.02	80
28.3	7.3	0	79
28.4	5.8	0	76
28.4	6.4	0	75
28.2	6.6	0	77
28	6.6	0	79
27.9	6.5	0	80
27.9	4.5	0	80
28	5.4	0	79
27.9	6.2	0	80
27.6	5.8	0	81
28.1	5.5	0.09	79
29.5	6	0.71	74
31	4.6	1.48	66
32.2	6	2.02	65
32.9	5.1	2.62	62
33.9	5.5	3	58
34.4	4.4	3.16	58
35.2	4.6	3.12	58
35.4	5.5	2.85	58
34.9	3.6	2.37	56
34.8	4	1.75	59
33.4	3.7	1.06	63
31.9	2.9	0.28	69
31.3	2.4	0.01	69
30.8	1.3	0	72
29.8	1.5	0	79
28.7	1.1	0	84
29.6	2.9	0	79
28.5	2.7	0	83
28.2	1.9	0	81
26.9	0.7	0	86
27	0.9	0	84
27.1	1.3	0	86
26.5	0.8	0	89
27.2	1.5	0.12	86
29.5	0.6	0.7	77
31.4	1	1.45	71
32.1	1.2	2.14	64
34.6	1.9	2.61	63
33.9	2.7	2.97	59
34.7	3.6	2.89	58
35.2	3.3	3.03	58
35.4	4.2	2.74	55
35.3	3.4	2.29	56
33.9	3.2	1.58	56
33.8	3.3	0.9	58
32	2	0.34	68
30.4	2.3	0.01	77
30.8	3	0	72
29.6	1.8	0	79
28.9	0.5	0	83
29.6	3	0	81
29.2	2.9	0	82
28.3	2	0	82
27.3	1.1	0	80
26.4	0.4	0	79
26	0.6	0	80
25.5	0.8	0	84
26.5	1.1	0.11	82
29	0.8	0.7	67
30.8	1.1	1.42	62
32.9	1.4	2.08	54
33	2.9	2.59	57
33.7	4	2.97	54
34.4	4.3	3.1	55
35.2	4.7	3.07	51
35	4.4	2.78	48
34.3	5.4	2.36	51
31.6	6.7	1.02	68
29.5	5.7	0.26	81
28.9	4.4	0.14	78
28.3	4.3	0	79
28.2	4.2	0	81
25.1	1.8	0	99
25.2	2	0	100
25.3	2.4	0	100
24.6	3.2	0	100
24.8	2.3	0	100
24.7	2.9	0	100
24.3	3	0	99
24.3	2.8	0	97
23.9	1.4	0	98
24	2.6	0.02	97
23.6	2.5	0.08	95
23.9	2.7	0.23	94
24.4	2.5	0.61	85
26.8	1	1.92	81
27	2.4	1.49	80
29.1	1.8	1.89	71
29.2	1.6	2.49	69
30	1.3	1.81	69
29.4	2.3	1.45	71
29.2	1.5	0.63	75
29	1.7	0.25	75
28.9	4.4	0.04	75
28.1	3.7	0	80
27.8	3.3	0	80
27.3	2.5	0	82
26.8	3.2	0	83
26.7	2.6	0	85
25.9	2	0	86
25.3	3.9	0	89
25.2	2.9	0	89
25.1	2.3	0	89
25	2.2	0	89
24.3	2.4	0	96
24.5	2.2	0.01	91
24.8	2.5	0.12	87
25.2	3.2	0.26	86
25.5	2.2	0.29	86
25.8	1.8	0.32	87
25.8	2.8	0.42	86
26.2	1.7	0.46	86
26.6	2.2	0.74	83
27.4	1.4	1.33	81
27.4	0.9	0.43	78
28.4	1.3	1.12	81
27.6	3	0.39	80
26.8	1.8	0.08	83
27.2	2.3	0	82
27.8	3.4	0	79
27.3	3.2	0	85
26.5	3.6	0	94
25.8	3.3	0	92
25.8	2.6	0	91
25.8	1.9	0	92
25.9	2	0	92
25.5	1.3	0	95
25.4	1.1	0	97
25.1	0.6	0	98
25.3	1.2	0.05	91
26.1	0.9	0.34	91
27.9	0.7	0.9	81
29.1	1.1	1.86	74
31.6	2.5	2.41	69
32.6	4.1	2.43	61
32.5	2.9	2.92	60
32.6	2.9	2.46	62
33	4.5	2.14	57
31.9	3.3	1.84	59
30.9	3.9	0.99	66
30.1	3.8	0.56	67
29.5	4.5	0.2	70
28.8	3.7	0	75
28.6	3.4	0	76
28.1	3.8	0	79
28.2	3.3	0	78
27.9	3.1	0	79
28.3	2.5	0	76
27.5	2.2	0	80
26.9	1.4	0	83
27	1.2	0	83
26.2	1.2	0	88
25.5	1	0	91
25.7	0.8	0.09	92
28.3	1.3	0.69	80
30.3	1.9	1.34	70
31.3	2.1	1.99	65
32.7	2.3	2.49	59
33.6	2.8	2.72	57
34.4	4.7	2.86	56
34.5	3.7	2.84	55
34.4	5.3	2.93	60
33	3.9	1.68	62
29.3	1.7	0.56	95
28.2	4	0.82	76
26.3	4.1	0.17	79
26.2	3.7	0	81
25.4	1.2	0	86
25.4	1.8	0	87
25.6	2.1	0	83
26.2	4	0	82
25.1	1.1	0	91
